3.599124606768384638e+00 -2.362349391151160489e+02 -1.292165936928242900e+03
1.164067733029632734e+01 -2.346073695907324179e+02 -1.293088714404702841e+03
2.068426884085650386e+01 -2.321894896922534031e+02 -1.295592357403202868e+03
1.322084477635120692e+01 -2.377304250945097692e+02 -1.302079198749503348e+03
2.051045810165332028e+01 -2.355096661874804624e+02 -1.305929292752200581e+03
1.342530693463837110e+01 -2.422973079027588312e+02 -1.314207909564967167e+03
2.147419722874871439e+01 -2.386839564410898618e+02 -1.319248822307816681e+03
2.627351744054509197e+01 -2.346873599979620337e+02 -1.315084098311169555e+03
2.864075869743864189e+01 -2.341776201503434436e+02 -1.322741458940017537e+03
3.512288571241190738e+01 -2.277241028637963325e+02 -1.321028190702418442e+03
3.907783402580069776e+01 -2.292365700211119872e+02 -1.329047639805541394e+03
4.357415544937932594e+01 -2.247395996215672369e+02 -1.342205007439201381e+03
4.515718735442941068e+01 -2.226033363903183044e+02 -1.347304301085450334e+03
4.119583934249953927e+01 -2.272238381233028122e+02 -1.352110632559740225e+03
4.313774162136373747e+01 -2.272192028091313603e+02 -1.358683976299865208e+03
3.546433238053894854e+01 -2.334196599528881961e+02 -1.359126583030714983e+03
3.137905380784940590e+01 -2.360865681486574772e+02 -1.360101054223805477e+03
2.390090097537562031e+01 -2.388683230997745568e+02 -1.359380191307108134e+03
1.499868617118117697e+01 -2.404389500272415603e+02 -1.356968477817586518e+03
1.084953131855905184e+01 -2.434243055933620212e+02 -1.357276170410686746e+03
8.068529284590177042e+00 -2.404151965690210488e+02 -1.352102703849470799e+03
4.847617274362228557e+00 -2.449919943704264256e+02 -1.351522872175759858e+03
3.922011621207488474e-01 -2.454063336356530272e+02 -1.339328068316407325e+03
-2.453271608545115612e+00 -2.528521425667420601e+02 -1.338322595171187004e+03
-6.319786103505641961e+00 -2.471196156475756993e+02 -1.336054919117171039e+03
-9.155810440053407717e+00 -2.530751565146043731e+02 -1.339661922468199691e+03
-1.151814879410401460e+01 -2.462284295857608356e+02 -1.344807268595355481e+03
-1.630768106564024578e+01 -2.458376953506636653e+02 -1.352197699220756931e+03
-1.867501905857258038e+01 -2.420571588010012078e+02 -1.352347291062685144e+03
-2.804586729784785604e+01 -2.419427526230779222e+02 -1.357553467175969445e+03
-3.578690180628610307e+01 -2.401990623400773757e+02 -1.356857561296133099e+03
-4.150980633466379999e+01 -2.413405032814873437e+02 -1.358440419050439004e+03
-4.722409552806150401e+01 -2.361851523340158678e+02 -1.355066729054423149e+03
-5.371390342839224985e+01 -2.332342296394337495e+02 -1.353736346950195639e+03
-5.584860594270907796e+01 -2.286147969709210770e+02 -1.348409120132751696e+03
-5.468053641922407593e+01 -2.279330807162116344e+02 -1.341172911830996327e+03
-5.478036299183087721e+01 -2.280678741402650473e+02 -1.330724657307900088e+03
-5.093620905227771090e+01 -2.279137091995731907e+02 -1.322806333004579074e+03
-4.559289131989533672e+01 -2.332230903529932391e+02 -1.323004551869610850e+03
-4.554475677086549723e+01 -2.287153823614518728e+02 -1.315993032668552132e+03
-4.047852568129412276e+01 -2.344460192875483813e+02 -1.318367161436101469e+03
-3.998095402859161851e+01 -2.315787706842706655e+02 -1.309147159801552561e+03
-3.641116601758131566e+01 -2.362860869818366041e+02 -1.314547510073566173e+03
-2.663900255984889753e+01 -2.411717613632245616e+02 -1.318088117080278153e+03
-3.016654476407278906e+01 -2.379468217485898549e+02 -1.306058079963974706e+03
-2.391967279821330550e+01 -2.392119349215017508e+02 -1.301596759726840446e+03
-1.835096742791039759e+01 -2.420848250609377033e+02 -1.306695756943726792e+03
-1.754439312958036368e+01 -2.445112753444381894e+02 -1.316479216340120729e+03
-8.135908558824944237e+00 -2.449909948215532722e+02 -1.317122233125753837e+03
-4.293009921863678358e+00 -2.444333818028822805e+02 -1.324485601020548529e+03
